allConwayPolynomials := [
[2,1,[1,1]],
[2,2,[1,1,1]],
[2,3,[1,1,0,1]],
[2,4,[1,1,0,0,1]],
[2,5,[1,0,1,0,0,1]],
[2,6,[1,1,0,1,1,0,1]],
[2,7,[1,1,0,0,0,0,0,1]],
[2,8,[1,0,1,1,1,0,0,0,1]],
[2,9,[1,0,0,0,1,0,0,0,0,1]],
[2,10,[1,1,1,1,0,1,1,0,0,0,1]],
[2,11,[1,0,1,0,0,0,0,0,0,0,0,1]],
[2,12,[1,1,0,1,0,1,1,1,0,0,0,0,1]],
[2,13,[1,1,0,1,1,0,0,0,0,0,0,0,0,1]],
[2,14,[1,0,0,1,0,1,0,1,0,0,0,0,0,0,1]],
[2,15,[1,0,1,0,1,1,0,0,0,0,0,0,0,0,0,1]],
[2,16,[1,0,1,1,0,1,0,0,0,0,0,0,0,0,0,0,1]],
[2,17,[1,0,0,1,0,0,0,0,0,0,0,0,0,0,0,0,0,1]],
[2,18,[1,1,0,0,0,0,0,0,0,0,1,0,1,0,0,0,0,0,1]],
[2,19,[1,1,1,0,0,1,0,0,0,0,0,0,0,0,0,0,0,0,0,1]],
[2,20,[1,1,0,0,1,1,1,1,0,1,1,0,0,0,0,0,0,0,0,0,1]],
[2,21,[1,0,1,0,0,1,1,0,0,0,0,0,0,0,0,0,0,0,0,0,0,1]],
[2,22,[1,0,0,0,0,1,1,0,1,1,1,1,1,0,0,0,0,0,0,0,0,0,1]],
[2,23,[1,0,0,0,0,1,0,0,0,0,0,0,0,0,0,0,0,0,0,0,0,0,0,1]],
[2,24,[1,0,0,1,0,1,0,1,0,1,1,0,0,1,1,1,1,0,0,0,0,0,0,0,1]],
[2,25,[1,0,1,0,0,0,1,0,1,0,0,0,0,0,0,0,0,0,0,0,0,0,0,0,0,1]],
[2,26,[1,1,0,0,1,0,1,1,1,0,1,0,0,0,1,0,0,0,0,0,0,0,0,0,0,0,1]],
[2,27,[1,0,1,1,0,1,0,1,0,1,1,0,1,0,0,0,0,0,0,0,0,0,0,0,0,0,0,1]],
[2,28,[1,0,1,0,0,1,1,1,0,0,0,0,0,1,0,0,0,0,0,0,0,0,0,0,0,0,0,0,1]],
[2,29,[1,0,1,0,0,0,0,0,0,0,0,0,0,0,0,0,0,0,0,0,0,0,0,0,0,0,0,0,0,1]],
[2,30,[1,1,1,1,0,1,0,1,0,0,0,1,0,1,0,0,1,1,0,0,0,0,0,0,0,0,0,0,0,0,1]],
[3,1,[1,1]],
[3,2,[2,2,1]],
[3,3,[1,2,0,1]],
[3,4,[2,0,0,2,1]],
[3,5,[1,2,0,0,0,1]],
[3,6,[2,2,1,0,2,0,1]],
[3,7,[1,0,2,0,0,0,0,1]],
[3,8,[2,2,2,0,1,2,0,0,1]],
[3,9,[1,1,2,2,0,0,0,0,0,1]],
[3,10,[2,1,0,0,2,2,2,0,0,0,1]],
[3,11,[1,0,2,0,0,0,0,0,0,0,0,1]],
[3,12,[2,0,1,0,1,1,1,0,0,0,0,0,1]],
[3,13,[1,2,0,0,0,0,0,0,0,0,0,0,0,1]],
[3,14,[2,0,1,2,0,1,2,1,1,2,0,0,0,0,1]],
[3,15,[1,1,2,0,0,1,0,0,2,0,0,0,0,0,0,1]],
[3,16,[2,1,2,2,2,0,2,2,0,0,0,0,0,0,0,0,1]],
[3,17,[1,2,0,0,0,0,0,0,0,0,0,0,0,0,0,0,0,1]],
[3,18,[2,0,2,0,2,1,2,0,2,0,1,0,0,0,0,0,0,0,1]],
[3,19,[1,0,2,0,0,0,0,0,0,0,0,0,0,0,0,0,0,0,0,1]],
[5,1,[3,1]],
[5,2,[2,4,1]],
[5,3,[3,3,0,1]],
[5,4,[2,4,4,0,1]],
[5,5,[3,4,0,0,0,1]],
[5,6,[2,0,1,4,1,0,1]],
[5,7,[3,3,0,0,0,0,0,1]],
[5,8,[2,4,3,0,1,0,0,0,1]],
[5,9,[3,1,0,2,0,0,0,0,0,1]],
[5,10,[2,1,4,2,3,3,0,0,0,0,1]],
[5,11,[3,3,0,0,0,0,0,0,0,0,0,1]],
[5,12,[2,2,3,4,4,0,1,1,0,0,0,0,1]],
[5,13,[3,3,4,0,0,0,0,0,0,0,0,0,0,1]],
[7,1,[4,1]],
[7,2,[3,6,1]],
[7,3,[4,0,6,1]],
[7,4,[3,4,5,0,1]],
[7,5,[4,1,0,0,0,1]],
[7,6,[3,6,4,5,1,0,1]],
[7,7,[4,6,0,0,0,0,0,1]],
[7,8,[3,2,6,4,0,0,0,0,1]],
[7,9,[4,6,0,1,6,0,0,0,0,1]],
[7,10,[3,3,2,1,4,1,1,0,0,0,1]],
[7,11,[4,1,0,0,0,0,0,0,0,0,0,1]],
[11,1,[9,1]],
[11,2,[2,7,1]],
[11,3,[9,2,0,1]],
[11,4,[2,10,8,0,1]],
[11,5,[9,0,10,0,0,1]],
[11,6,[2,7,6,4,3,0,1]],
[11,7,[9,4,0,0,0,0,0,1]],
[11,8,[2,7,1,7,7,0,0,0,1]],
[13,1,[11,1]],
[13,2,[2,12,1]],
[13,3,[11,2,0,1]],
[13,4,[2,12,3,0,1]],
[13,5,[11,4,0,0,0,1]],
[13,6,[2,11,11,10,0,0,1]],
[13,7,[11,3,0,0,0,0,0,1]],
[13,8,[2,3,2,12,8,0,0,0,1]],
[17,1,[14,1]],
[17,2,[3,16,1]],
[17,3,[14,1,0,1]],
[17,4,[3,10,7,0,1]],
[17,5,[14,1,0,0,0,1]],
[17,6,[3,3,10,0,2,0,1]],
[17,7,[14,12,0,0,0,0,0,1]],
[19,1,[17,1]],
[19,2,[2,18,1]],
[19,3,[17,4,0,1]],
[19,4,[2,11,2,0,1]],
[19,5,[17,5,0,0,0,1]],
[19,6,[2,6,17,17,0,0,1]],
[19,7,[17,6,0,0,0,0,0,1]],
[23,1,[18,1]],
[23,2,[5,21,1]],
[23,3,[18,2,0,1]],
[23,4,[5,19,3,0,1]],
[23,5,[18,3,0,0,0,1]],
[23,6,[5,1,9,9,1,0,1]],
[29,1,[27,1]],
[29,2,[2,24,1]],
[29,3,[27,2,0,1]],
[29,4,[2,15,2,0,1]],
[29,5,[27,3,0,0,0,1]],
[29,6,[2,13,17,25,1,0,1]],
[31,1,[28,1]],
[31,2,[3,29,1]],
[31,3,[28,1,0,1]],
[31,4,[3,16,3,0,1]],
[31,5,[28,7,0,0,0,1]],
[31,6,[3,8,16,19,0,0,1]],
[37,1,[35,1]],
[37,2,[2,33,1]],
[37,3,[35,6,0,1]],
[37,4,[2,24,6,0,1]],
[37,5,[35,10,0,0,0,1]],
[41,1,[35,1]],
[41,2,[6,38,1]],
[41,3,[35,1,0,1]],
[41,4,[6,23,0,0,1]],
[41,5,[35,14,40,0,0,1]],
[43,1,[40,1]],
[43,2,[3,42,1]],
[43,3,[40,1,0,1]],
[43,4,[3,42,5,0,1]],
[43,5,[40,8,0,0,0,1]],
[47,1,[42,1]],
[47,2,[5,45,1]],
[47,3,[42,3,0,1]],
[47,4,[5,40,8,0,1]],
[47,5,[42,1,0,0,0,1]],
[53,1,[51,1]],
[53,2,[2,49,1]],
[53,3,[51,3,0,1]],
[53,4,[2,38,9,0,1]],
[53,5,[51,3,0,0,0,1]],
[59,1,[57,1]],
[59,2,[2,58,1]],
[59,3,[57,5,0,1]],
[59,4,[2,40,2,0,1]],
[59,5,[57,8,0,0,0,1]],
[61,1,[59,1]],
[61,2,[2,60,1]],
[61,3,[59,7,0,1]],
[61,4,[2,40,3,0,1]],
[61,5,[59,12,0,0,0,1]],
[67,1,[65,1]],
[67,2,[2,63,1]],
[67,3,[65,6,0,1]],
[67,4,[2,54,8,0,1]],
[67,5,[65,2,0,0,0,1]],
[71,1,[64,1]],
[71,2,[7,69,1]],
[71,3,[64,4,0,1]],
[71,4,[7,41,4,0,1]],
[71,5,[64,18,0,0,0,1]],
[73,1,[68,1]],
[73,2,[5,70,1]],
[73,3,[68,2,0,1]],
[73,4,[5,56,16,0,1]],
[73,5,[68,9,0,0,0,1]],
[79,1,[76,1]],
[79,2,[3,78,1]],
[79,3,[76,9,0,1]],
[79,4,[3,66,2,0,1]],
[83,1,[81,1]],
[83,2,[2,82,1]],
[83,3,[81,3,0,1]],
[83,4,[2,42,4,0,1]],
[89,1,[86,1]],
[89,2,[3,82,1]],
[89,3,[86,3,0,1]],
[89,4,[3,72,4,0,1]],
[97,1,[92,1]],
[97,2,[5,96,1]],
[97,3,[92,9,0,1]],
[97,4,[5,80,6,0,1]],
[101,1,[99,1]],
[101,2,[2,97,1]],
[101,3,[99,3,0,1]],
[101,4,[2,78,1,0,1]],
[103,1,[98,1]],
[103,2,[5,102,1]],
[103,3,[98,2,0,1]],
[103,4,[5,88,2,0,1]],
[107,1,[105,1]],
[107,2,[2,103,1]],
[107,3,[105,5,0,1]],
[107,4,[2,79,13,0,1]],
[109,1,[103,1]],
[109,2,[6,108,1]],
[109,3,[103,1,0,1]],
[109,4,[6,98,11,0,1]],
[113,1,[110,1]],
[113,2,[3,101,1]],
[113,3,[110,8,0,1]],
[113,4,[3,62,0,0,1]],
[127,1,[124,1]],
[127,2,[3,126,1]],
[127,3,[124,3,0,1]],
[127,4,[3,97,2,0,1]],
[131,1,[129,1]],
[131,2,[2,127,1]],
[131,3,[129,3,0,1]],
[131,4,[2,109,9,0,1]],
[137,1,[134,1]],
[137,2,[3,131,1]],
[137,3,[134,6,0,1]],
[137,4,[3,95,1,0,1]],
[139,1,[137,1]],
[139,2,[2,138,1]],
[139,3,[137,6,0,1]],
[139,4,[2,96,7,0,1]],
[149,1,[147,1]],
[149,2,[2,145,1]],
[149,3,[147,3,0,1]],
[149,4,[2,107,7,0,1]],
[151,1,[145,1]],
[151,2,[6,149,1]],
[151,3,[145,1,0,1]],
[151,4,[6,89,13,0,1]],
[157,1,[152,1]],
[157,2,[5,152,1]],
[157,3,[152,1,0,1]],
[157,4,[5,136,11,0,1]],
[163,1,[161,1]],
[163,2,[2,159,1]],
[163,3,[161,7,0,1]],
[163,4,[2,91,8,0,1]],
[167,1,[162,1]],
[167,2,[5,166,1]],
[167,3,[162,7,0,1]],
[167,4,[5,120,3,0,1]],
[173,1,[171,1]],
[173,2,[2,169,1]],
[173,3,[171,2,0,1]],
[173,4,[2,102,1,0,1]],
[179,1,[177,1]],
[179,2,[2,172,1]],
[179,3,[177,4,0,1]],
[179,4,[2,109,1,0,1]],
[181,1,[179,1]],
[181,2,[2,177,1]],
[181,3,[179,6,0,1]],
[181,4,[2,105,6,0,1]],
[191,1,[172,1]],
[191,2,[19,190,1]],
[191,3,[172,4,0,1]],
[191,4,[19,100,7,0,1]],
[193,1,[188,1]],
[193,2,[5,192,1]],
[193,3,[188,1,0,1]],
[193,4,[5,148,6,0,1]],
[197,1,[195,1]],
[197,2,[2,192,1]],
[197,3,[195,3,0,1]],
[197,4,[2,124,16,0,1]],
[199,1,[196,1]],
[199,2,[3,193,1]],
[199,3,[196,1,0,1]],
[199,4,[3,162,7,0,1]],
[211,1,[209,1]],
[211,2,[2,207,1]],
[211,3,[209,2,0,1]],
[211,4,[2,161,8,0,1]],
[223,1,[220,1]],
[223,2,[3,221,1]],
[223,3,[220,6,0,1]],
[227,1,[225,1]],
[227,2,[2,220,1]],
[227,3,[225,2,0,1]],
[229,1,[223,1]],
[229,2,[6,228,1]],
[229,3,[223,1,0,1]],
[233,1,[230,1]],
[233,2,[3,232,1]],
[233,3,[230,1,0,1]],
[239,1,[232,1]],
[239,2,[7,237,1]],
[239,3,[232,11,0,1]],
[241,1,[234,1]],
[241,2,[7,238,1]],
[241,3,[234,1,0,1]],
[251,1,[245,1]],
[251,2,[6,242,1]],
[251,3,[245,3,0,1]],
[257,1,[254,1]],
[257,2,[3,251,1]],
[257,3,[254,6,0,1]],
[263,1,[258,1]],
[263,2,[5,261,1]],
[263,3,[258,14,0,1]],
[269,1,[267,1]],
[269,2,[2,268,1]],
[269,3,[267,9,0,1]],
[271,1,[265,1]],
[271,2,[6,269,1]],
[271,3,[265,2,0,1]],
[277,1,[272,1]],
[277,2,[5,274,1]],
[277,3,[272,3,0,1]],
[281,1,[278,1]],
[281,2,[3,280,1]],
[281,3,[278,1,0,1]],
[283,1,[280,1]],
[283,2,[3,282,1]],
[283,3,[280,3,0,1]],
[293,1,[291,1]],
[293,2,[2,292,1]],
[293,3,[291,2,0,1]],
[307,1,[302,1]],
[307,2,[5,306,1]],
[307,3,[302,7,0,1]],
[311,1,[294,1]],
[311,2,[17,310,1]],
[311,3,[294,3,0,1]],
[313,1,[303,1]],
[313,2,[10,310,1]],
[313,3,[303,2,0,1]],
[317,1,[315,1]],
[317,2,[2,313,1]],
[317,3,[315,7,0,1]],
[331,1,[328,1]],
[331,2,[3,326,1]],
[331,3,[328,1,0,1]],
[337,1,[327,1]],
[337,2,[10,332,1]],
[337,3,[327,2,0,1]],
[347,1,[345,1]],
[347,2,[2,343,1]],
[347,3,[345,9,0,1]],
[349,1,[347,1]],
[349,2,[2,348,1]],
[349,3,[347,4,0,1]],
[353,1,[350,1]],
[353,2,[3,348,1]],
[353,3,[350,3,0,1]],
[359,1,[352,1]],
[359,2,[7,358,1]],
[359,3,[352,3,0,1]],
[367,1,[361,1]],
[367,2,[6,366,1]],
[367,3,[361,10,0,1]],
[373,1,[371,1]],
[373,2,[2,369,1]],
[373,3,[371,5,0,1]],
[379,1,[377,1]],
[379,2,[2,374,1]],
[379,3,[377,5,0,1]],
[383,1,[378,1]],
[383,2,[5,382,1]],
[383,3,[378,1,0,1]],
[389,1,[387,1]],
[389,2,[2,379,1]],
[389,3,[387,2,0,1]],
[397,1,[392,1]],
[397,2,[5,392,1]],
[397,3,[392,2,0,1]],
[401,1,[398,1]],
[401,2,[3,396,1]],
[401,3,[398,3,0,1]],
[409,1,[388,1]],
[409,2,[21,404,1]],
[409,3,[388,3,0,1]],
[419,1,[417,1]],
[419,2,[2,418,1]],
[419,3,[417,11,0,1]],
[421,1,[419,1]],
[421,2,[2,417,1]],
[421,3,[419,2,0,1]],
[431,1,[424,1]],
[431,2,[7,430,1]],
[431,3,[424,2,0,1]],
[433,1,[428,1]],
[433,2,[5,432,1]],
[433,3,[428,1,0,1]],
[439,1,[424,1]],
[439,2,[15,436,1]],
[439,3,[424,3,0,1]],
[443,1,[441,1]],
[443,2,[2,437,1]],
[443,3,[441,4,0,1]],
[449,1,[446,1]],
[449,2,[3,444,1]],
[449,3,[446,1,0,1]],
[457,1,[444,1]],
[457,2,[13,454,1]],
[457,3,[444,1,0,1]],
[461,1,[459,1]],
[461,2,[2,460,1]],
[461,3,[459,3,0,1]],
[463,1,[460,1]],
[463,2,[3,461,1]],
[463,3,[460,10,0,1]],
[467,1,[465,1]],
[467,2,[2,463,1]],
[467,3,[465,2,0,1]],
[479,1,[466,1]],
[479,2,[13,474,1]],
[479,3,[466,4,0,1]],
[487,1,[484,1]],
[487,2,[3,485,1]],
[487,3,[484,4,0,1]],
[491,1,[489,1]],
[491,2,[2,487,1]],
[491,3,[489,2,0,1]],
[499,1,[492,1]],
[499,2,[7,493,1]],
[499,3,[492,2,0,1]],
[503,1,[498,1]],
[503,2,[5,498,1]],
[503,3,[498,2,0,1]],
[509,1,[507,1]],
[509,2,[2,508,1]],
[509,3,[507,3,0,1]],
[521,1,[518,1]],
[521,2,[3,515,1]],
[521,3,[518,4,0,1]],
[523,1,[521,1]],
[523,2,[2,522,1]],
[523,3,[521,5,0,1]],
[541,1,[539,1]],
[541,2,[2,537,1]],
[541,3,[539,2,0,1]],
[547,1,[545,1]],
[547,2,[2,543,1]],
[547,3,[545,4,0,1]],
[557,1,[555,1]],
[557,2,[2,553,1]],
[557,3,[555,3,0,1]],
[563,1,[561,1]],
[563,2,[2,559,1]],
[563,3,[561,3,0,1]],
[569,1,[566,1]],
[569,2,[3,568,1]],
[569,3,[566,4,0,1]],
[571,1,[568,1]],
[571,2,[3,570,1]],
[571,3,[568,8,0,1]],
[577,1,[572,1]],
[577,2,[5,572,1]],
[577,3,[572,2,0,1]],
[587,1,[585,1]],
[587,2,[2,583,1]],
[587,3,[585,3,0,1]],
[593,1,[590,1]],
[593,2,[3,592,1]],
[593,3,[590,6,0,1]],
[599,1,[592,1]],
[599,2,[7,598,1]],
[599,3,[592,2,0,1]],
[601,1,[594,1]],
[601,2,[7,598,1]],
[601,3,[594,1,0,1]],
[607,1,[604,1]],
[607,2,[3,606,1]],
[607,3,[604,5,0,1]],
[613,1,[611,1]],
[613,2,[2,609,1]],
[613,3,[611,6,0,1]],
[617,1,[614,1]],
[617,2,[3,612,1]],
[617,3,[614,3,0,1]],
[619,1,[617,1]],
[619,2,[2,618,1]],
[619,3,[617,6,0,1]],
[631,1,[628,1]],
[631,2,[3,629,1]],
[631,3,[628,5,0,1]],
[641,1,[638,1]],
[641,2,[3,635,1]],
[641,3,[638,4,0,1]],
[643,1,[632,1]],
[643,2,[11,641,1]],
[643,3,[632,1,0,1]],
[647,1,[642,1]],
[647,2,[5,645,1]],
[647,3,[642,6,0,1]],
[653,1,[651,1]],
[653,2,[2,649,1]],
[653,3,[651,3,0,1]],
[659,1,[657,1]],
[659,2,[2,655,1]],
[659,3,[657,2,0,1]],
[661,1,[659,1]],
[661,2,[2,660,1]],
[661,3,[659,4,0,1]],
[673,1,[668,1]],
[673,2,[5,672,1]],
[673,3,[668,1,0,1]],
[677,1,[675,1]],
[677,2,[2,672,1]],
[677,3,[675,2,0,1]],
[683,1,[678,1]],
[683,2,[5,682,1]],
[683,3,[678,5,0,1]],
[691,1,[688,1]],
[691,2,[3,686,1]],
[691,3,[688,14,0,1]],
[701,1,[699,1]],
[701,2,[2,697,1]],
[701,3,[699,2,0,1]],
[709,1,[707,1]],
[709,2,[2,705,1]],
[709,3,[707,2,0,1]],
[719,1,[708,1]],
[719,2,[11,715,1]],
[719,3,[708,1,0,1]],
[727,1,[722,1]],
[727,2,[5,725,1]],
[727,3,[722,7,0,1]],
[733,1,[727,1]],
[733,2,[6,732,1]],
[733,3,[727,4,0,1]],
[739,1,[736,1]],
[739,2,[3,734,1]],
[739,3,[736,11,0,1]],
[743,1,[738,1]],
[743,2,[5,742,1]],
[743,3,[738,3,0,1]],
[751,1,[748,1]],
[751,2,[3,749,1]],
[751,3,[748,5,0,1]],
[757,1,[755,1]],
[757,2,[2,753,1]],
[757,3,[755,6,0,1]],
[761,1,[755,1]],
[761,2,[6,758,1]],
[761,3,[755,12,0,1]],
[769,1,[758,1]],
[769,2,[11,765,1]],
[769,3,[758,2,0,1]],
[773,1,[771,1]],
[773,2,[2,772,1]],
[773,3,[771,2,0,1]],
[787,1,[785,1]],
[787,2,[2,786,1]],
[787,3,[785,2,0,1]],
[797,1,[795,1]],
[797,2,[2,793,1]],
[797,3,[795,2,0,1]],
[809,1,[806,1]],
[809,2,[3,799,1]],
[809,3,[806,1,0,1]],
[811,1,[808,1]],
[811,2,[3,806,1]],
[811,3,[808,1,0,1]],
[821,1,[819,1]],
[821,2,[2,816,1]],
[821,3,[819,2,0,1]],
[823,1,[820,1]],
[823,2,[3,821,1]],
[823,3,[820,3,0,1]],
[827,1,[825,1]],
[827,2,[2,821,1]],
[827,3,[825,5,0,1]],
[829,1,[827,1]],
[829,2,[2,828,1]],
[829,3,[827,5,0,1]],
[839,1,[828,1]],
[839,2,[11,838,1]],
[839,3,[828,4,0,1]],
[853,1,[851,1]],
[853,2,[2,852,1]],
[853,3,[851,4,0,1]],
[857,1,[854,1]],
[857,2,[3,850,1]],
[857,3,[854,4,0,1]],
[859,1,[857,1]],
[859,2,[2,858,1]],
[859,3,[857,6,0,1]],
[863,1,[858,1]],
[863,2,[5,862,1]],
[863,3,[858,5,0,1]],
[877,1,[875,1]],
[877,2,[2,873,1]],
[877,3,[875,5,0,1]],
[881,1,[878,1]],
[881,2,[3,869,1]],
[881,3,[878,1,0,1]],
[883,1,[881,1]],
[883,2,[2,879,1]],
[883,3,[881,6,0,1]],
[887,1,[882,1]],
[887,2,[5,885,1]],
[887,3,[882,1,0,1]],
[907,1,[905,1]],
[907,2,[2,903,1]],
[907,3,[905,4,0,1]],
[911,1,[894,1]],
[911,2,[17,909,1]],
[911,3,[894,1,0,1]],
[919,1,[912,1]],
[919,2,[7,910,1]],
[919,3,[912,2,0,1]],
[929,1,[926,1]],
[929,2,[3,917,1]],
[929,3,[926,5,0,1]],
[937,1,[932,1]],
[937,2,[5,934,1]],
[937,3,[932,3,0,1]],
[941,1,[939,1]],
[941,2,[2,940,1]],
[941,3,[939,3,0,1]],
[947,1,[945,1]],
[947,2,[2,943,1]],
[947,3,[945,3,0,1]],
[953,1,[950,1]],
[953,2,[3,947,1]],
[953,3,[950,7,0,1]],
[967,1,[962,1]],
[967,2,[5,965,1]],
[967,3,[962,1,0,1]],
[971,1,[965,1]],
[971,2,[6,970,1]],
[971,3,[965,3,0,1]],
[977,1,[974,1]],
[977,2,[3,972,1]],
[977,3,[974,1,0,1]],
[983,1,[978,1]],
[983,2,[5,981,1]],
[983,3,[978,1,0,1]],
[991,1,[985,1]],
[991,2,[6,989,1]],
[991,3,[985,4,0,1]],
[997,1,[990,1]],
[997,2,[7,995,1]],
[997,3,[990,2,0,1]],
[1009,1,[998,1]],
[1009,2,[11,1008,1]],
[1009,3,[998,3,0,1]],
[1013,1,[1010,1]],
[1013,2,[3,1006,1]],
[1013,3,[1010,7,0,1]],
[1019,1,[1017,1]],
[1019,2,[2,1015,1]],
[1019,3,[1017,3,0,1]],
[1021,1,[1011,1]],
[1021,2,[10,1020,1]],
[1021,3,[1011,3,0,1]],
[1031,1,[1017,1]],
[1031,2,[14,1029,1]],
[1031,3,[1017,4,0,1]],
[1033,1,[1028,1]],
[1033,2,[5,1030,1]],
[1033,3,[1028,2,0,1]],
[1039,1,[1036,1]],
[1039,2,[3,1033,1]],
[1039,3,[1036,3,0,1]],
[1049,1,[1046,1]],
[1049,2,[3,1038,1]],
[1049,3,[1046,1,0,1]],
[1051,1,[1044,1]],
[1051,2,[7,1049,1]],
[1051,3,[1044,2,0,1]],
[1061,1,[1059,1]],
[1061,2,[2,1057,1]],
[1061,3,[1059,2,0,1]],
[1063,1,[1060,1]],
[1063,2,[3,1062,1]],
[1063,3,[1060,3,0,1]],
[1069,1,[1063,1]],
[1069,2,[6,1065,1]],
[1069,3,[1063,2,0,1]],
[1087,1,[1084,1]],
[1087,2,[3,1085,1]],
[1087,3,[1084,6,0,1]],
[1091,1,[1089,1]],
[1091,2,[2,1090,1]],
[1091,3,[1089,3,0,1]],
[1093,1,[1088,1]],
[1093,2,[5,1092,1]],
[1093,3,[1088,3,0,1]],
[1097,1,[1094,1]],
[1097,2,[3,1096,1]],
[1097,3,[1094,1,0,1]],
[1103,1,[1098,1]],
[1103,2,[5,1091,1]],
[1103,3,[1098,6,0,1]],
[1109,1,[1107,1]],
[1109,2,[2,1108,1]],
[1109,3,[1107,3,0,1]],
[1117,1,[1115,1]],
[1117,2,[2,1113,1]],
[1117,3,[1115,4,0,1]],
[1123,1,[1121,1]],
[1123,2,[2,1122,1]],
[1123,3,[1121,2,0,1]],
[1129,1,[1118,1]],
[1129,2,[11,1124,1]],
[1129,3,[1118,3,0,1]],
[1151,1,[1134,1]],
[1151,2,[17,1148,1]],
[1151,3,[1134,1,0,1]],
[1153,1,[1148,1]],
[1153,2,[5,1152,1]],
[1153,3,[1148,3,0,1]],
[1163,1,[1158,1]],
[1163,2,[5,1161,1]],
[1163,3,[1158,2,0,1]],
[1171,1,[1169,1]],
[1171,2,[2,1167,1]],
[1171,3,[1169,2,0,1]],
[1181,1,[1174,1]],
[1181,2,[7,1180,1]],
[1181,3,[1174,1,0,1]],
[1187,1,[1185,1]],
[1187,2,[2,1181,1]],
[1187,3,[1185,4,0,1]],
[1193,1,[1190,1]],
[1193,2,[3,1187,1]],
[1193,3,[1190,4,0,1]],
[1201,1,[1190,1]],
[1201,2,[11,1192,1]],
[1201,3,[1190,2,0,1]],
[1213,1,[1211,1]],
[1213,2,[2,1209,1]],
[1213,3,[1211,4,0,1]],
[1217,1,[1214,1]],
[1217,2,[3,1211,1]],
[1217,3,[1214,3,0,1]],
[1223,1,[1218,1]],
[1223,2,[5,1220,1]],
[1223,3,[1218,2,0,1]],
[1229,1,[1227,1]],
[1229,2,[2,1225,1]],
[1229,3,[1227,3,0,1]],
[1231,1,[1228,1]],
[1231,2,[3,1229,1]],
[1231,3,[1228,3,0,1]],
[1237,1,[1235,1]],
[1237,2,[2,1236,1]],
[1237,3,[1235,4,0,1]],
[1249,1,[1242,1]],
[1249,2,[7,1246,1]],
[1249,3,[1242,5,0,1]],
[1259,1,[1257,1]],
[1259,2,[2,1258,1]],
[1259,3,[1257,3,0,1]],
[1277,1,[1275,1]],
[1277,2,[2,1276,1]],
[1277,3,[1275,2,0,1]],
[1279,1,[1276,1]],
[1279,2,[3,1277,1]],
[1279,3,[1276,6,0,1]],
[1283,1,[1281,1]],
[1283,2,[2,1279,1]],
[1283,3,[1281,3,0,1]],
[1289,1,[1283,1]],
[1289,2,[6,1280,1]],
[1289,3,[1283,6,0,1]],
[1291,1,[1289,1]],
[1291,2,[2,1290,1]],
[1297,1,[1287,1]],
[1297,2,[10,1294,1]],
[1301,1,[1299,1]],
[1301,2,[2,1295,1]],
[1303,1,[1297,1]],
[1303,2,[6,1302,1]],
[1307,1,[1305,1]],
[1307,2,[2,1306,1]],
[1319,1,[1306,1]],
[1319,2,[13,1316,1]],
[1321,1,[1308,1]],
[1321,2,[13,1320,1]],
[1327,1,[1324,1]],
[1327,2,[3,1326,1]],
[1361,1,[1358,1]],
[1361,2,[3,1355,1]],
[1367,1,[1362,1]],
[1367,2,[5,1365,1]],
[1373,1,[1371,1]],
[1373,2,[2,1365,1]],
[1381,1,[1379,1]],
[1381,2,[2,1377,1]],
[1399,1,[1386,1]],
[1399,2,[13,1395,1]],
[1409,1,[1406,1]],
[1409,2,[3,1404,1]],
[1423,1,[1420,1]],
[1423,2,[3,1421,1]],
[1427,1,[1425,1]],
[1427,2,[2,1426,1]],
[1429,1,[1423,1]],
[1429,2,[6,1425,1]],
[1433,1,[1430,1]],
[1433,2,[3,1420,1]],
[1439,1,[1432,1]],
[1439,2,[7,1438,1]],
[1447,1,[1444,1]],
[1447,2,[3,1446,1]],
[1451,1,[1449,1]],
[1451,2,[2,1446,1]],
[1453,1,[1451,1]],
[1453,2,[2,1449,1]],
[1459,1,[1456,1]],
[1459,2,[3,1458,1]],
[1471,1,[1465,1]],
[1471,2,[6,1470,1]],
[1481,1,[1478,1]],
[1481,2,[3,1480,1]],
[1483,1,[1481,1]],
[1483,2,[2,1482,1]],
[1487,1,[1482,1]],
[1487,2,[5,1485,1]],
[1489,1,[1475,1]],
[1489,2,[14,1487,1]],
[1493,1,[1491,1]],
[1493,2,[2,1485,1]],
[1499,1,[1497,1]],
[1499,2,[2,1495,1]],
[1511,1,[1500,1]],
[1511,2,[11,1509,1]],
[1523,1,[1521,1]],
[1523,2,[2,1518,1]],
[1531,1,[1529,1]],
[1531,2,[2,1530,1]],
[1543,1,[1538,1]],
[1543,2,[5,1541,1]],
[1549,1,[1547,1]],
[1549,2,[2,1541,1]],
[1553,1,[1550,1]],
[1553,2,[3,1552,1]],
[1559,1,[1540,1]],
[1559,2,[19,1558,1]],
[1567,1,[1564,1]],
[1567,2,[3,1565,1]],
[1571,1,[1569,1]],
[1571,2,[2,1570,1]],
[1579,1,[1576,1]],
[1579,2,[3,1578,1]],
[1583,1,[1578,1]],
[1583,2,[5,1581,1]],
[1597,1,[1586,1]],
[1597,2,[11,1594,1]],
[1601,1,[1598,1]],
[1601,2,[3,1600,1]],
[1607,1,[1602,1]],
[1607,2,[5,1605,1]],
[1609,1,[1602,1]],
[1609,2,[7,1597,1]],
[1613,1,[1610,1]],
[1613,2,[3,1606,1]],
[1619,1,[1617,1]],
[1619,2,[2,1615,1]],
[1621,1,[1619,1]],
[1621,2,[2,1617,1]],
[1627,1,[1624,1]],
[1627,2,[3,1622,1]],
[1637,1,[1635,1]],
[1637,2,[2,1633,1]],
[1657,1,[1646,1]],
[1657,2,[11,1655,1]],
[1663,1,[1660,1]],
[1663,2,[3,1662,1]],
[1667,1,[1665,1]],
[1667,2,[2,1663,1]],
[1669,1,[1667,1]],
[1669,2,[2,1665,1]],
[1693,1,[1691,1]],
[1693,2,[2,1692,1]],
[1697,1,[1694,1]],
[1697,2,[3,1692,1]],
[1699,1,[1696,1]],
[1699,2,[3,1686,1]],
[1709,1,[1706,1]],
[1709,2,[3,1696,1]],
[1721,1,[1718,1]],
[1721,2,[3,1716,1]],
[1723,1,[1720,1]],
[1723,2,[3,1722,1]],
[1733,1,[1731,1]],
[1733,2,[2,1726,1]],
[1741,1,[1739,1]],
[1741,2,[2,1740,1]],
[1747,1,[1745,1]],
[1747,2,[2,1743,1]],
[1753,1,[1746,1]],
[1753,2,[7,1746,1]],
[1759,1,[1753,1]],
[1759,2,[6,1757,1]],
[1777,1,[1772,1]],
[1777,2,[5,1774,1]],
[1783,1,[1773,1]],
[1783,2,[10,1782,1]],
[1787,1,[1785,1]],
[1787,2,[2,1783,1]],
[1789,1,[1783,1]],
[1789,2,[6,1781,1]],
[1801,1,[1790,1]],
[1801,2,[11,1796,1]],
[1811,1,[1805,1]],
[1811,2,[6,1809,1]],
[1823,1,[1818,1]],
[1823,2,[5,1822,1]],
[1831,1,[1828,1]],
[1831,2,[3,1829,1]],
[1847,1,[1842,1]],
[1847,2,[5,1845,1]],
[1861,1,[1859,1]],
[1861,2,[2,1860,1]],
[1867,1,[1865,1]],
[1867,2,[2,1866,1]],
[1871,1,[1857,1]],
[1871,2,[14,1869,1]],
[1873,1,[1863,1]],
[1873,2,[10,1870,1]],
[1877,1,[1875,1]],
[1877,2,[2,1873,1]],
[1879,1,[1873,1]],
[1879,2,[6,1877,1]],
[1889,1,[1886,1]],
[1889,2,[3,1883,1]],
[1901,1,[1899,1]],
[1901,2,[2,1896,1]],
[1907,1,[1905,1]],
[1907,2,[2,1906,1]],
[1913,1,[1910,1]],
[1913,2,[3,1908,1]],
[1931,1,[1929,1]],
[1931,2,[2,1927,1]],
[1933,1,[1928,1]],
[1933,2,[5,1932,1]],
[1949,1,[1947,1]],
[1949,2,[2,1948,1]],
[1951,1,[1948,1]],
[1951,2,[3,1949,1]],
[1973,1,[1971,1]],
[1973,2,[2,1972,1]],
[1979,1,[1977,1]],
[1979,2,[2,1975,1]],
[1987,1,[1985,1]],
[1987,2,[2,1986,1]],
[1993,1,[1988,1]],
[1993,2,[5,1990,1]],
[1997,1,[1995,1]],
[1997,2,[2,1993,1]],
[1999,1,[1996,1]],
[1999,2,[3,1998,1]],
[2003,1,[1998,1]],
[2003,2,[5,2002,1]],
[2011,1,[2008,1]],
[2011,2,[3,2004,1]],
[2017,1,[2012,1]],
[2017,2,[5,2016,1]],
[2027,1,[2025,1]],
[2027,2,[2,2021,1]],
[2029,1,[2027,1]],
[2029,2,[2,2028,1]],
[2039,1,[2032,1]],
[2039,2,[7,2026,1]],
[2053,1,[2051,1]],
[2053,2,[2,2049,1]],
[2063,1,[2058,1]],
[2063,2,[5,2058,1]],
[2069,1,[2067,1]],
[2069,2,[2,2065,1]],
[2081,1,[2078,1]],
[2081,2,[3,2080,1]],
[2083,1,[2081,1]],
[2083,2,[2,2079,1]],
[2087,1,[2082,1]],
[2087,2,[5,2084,1]],
[2089,1,[2082,1]],
[2089,2,[7,2080,1]],
[2099,1,[2097,1]],
[2099,2,[2,2095,1]],
[2111,1,[2104,1]],
[2111,2,[7,2110,1]],
[2113,1,[2108,1]],
[2113,2,[5,2108,1]],
[2129,1,[2126,1]],
[2129,2,[3,2120,1]],
[2131,1,[2129,1]],
[2131,2,[2,2130,1]],
[2137,1,[2127,1]],
[2137,2,[10,2136,1]],
[2141,1,[2139,1]],
[2141,2,[2,2140,1]],
[2143,1,[2140,1]],
[2143,2,[3,2141,1]],
[2153,1,[2150,1]],
[2153,2,[3,2145,1]],
[2161,1,[2138,1]],
[2161,2,[23,2160,1]],
[2179,1,[2172,1]],
[2179,2,[7,2177,1]],
[2203,1,[2198,1]],
[2203,2,[5,2202,1]],
[2207,1,[2202,1]],
[2207,2,[5,2205,1]],
[2213,1,[2211,1]],
[2213,2,[2,2209,1]],
[2221,1,[2219,1]],
[2221,2,[2,2217,1]],
[2237,1,[2235,1]],
[2237,2,[2,2232,1]],
[2239,1,[2236,1]],
[2239,2,[3,2233,1]],
[2243,1,[2241,1]],
[2243,2,[2,2234,1]],
[2251,1,[2244,1]],
[2251,2,[7,2249,1]],
[2267,1,[2265,1]],
[2267,2,[2,2266,1]],
[2269,1,[2267,1]],
[2269,2,[2,2265,1]],
[2273,1,[2270,1]],
[2273,2,[3,2268,1]],
[2281,1,[2274,1]],
[2281,2,[7,2274,1]],
[2287,1,[2268,1]],
[2287,2,[19,2283,1]],
[2293,1,[2291,1]],
[2293,2,[2,2289,1]],
[2297,1,[2292,1]],
[2297,2,[5,2292,1]],
[2309,1,[2307,1]],
[2309,2,[2,2305,1]],
[2311,1,[2308,1]],
[2311,2,[3,2309,1]],
[2333,1,[2331,1]],
[2333,2,[2,2329,1]],
[2339,1,[2337,1]],
[2339,2,[2,2329,1]],
[2341,1,[2334,1]],
[2341,2,[7,2339,1]],
[2347,1,[2344,1]],
[2347,2,[3,2342,1]],
[2351,1,[2338,1]],
[2351,2,[13,2347,1]],
[2357,1,[2355,1]],
[2357,2,[2,2352,1]],
[2371,1,[2369,1]],
[2371,2,[2,2370,1]],
[2377,1,[2372,1]],
[2377,2,[5,2376,1]],
[2381,1,[2378,1]],
[2381,2,[3,2379,1]],
[2383,1,[2378,1]],
[2383,2,[5,2382,1]],
[2389,1,[2387,1]],
[2389,2,[2,2385,1]],
[2393,1,[2390,1]],
[2393,2,[3,2392,1]],
[2399,1,[2388,1]],
[2399,2,[11,2398,1]],
[2411,1,[2405,1]],
[2411,2,[6,2410,1]],
[2417,1,[2414,1]],
[2417,2,[3,2408,1]],
[2423,1,[2418,1]],
[2423,2,[5,2421,1]],
[2437,1,[2435,1]],
[2437,2,[2,2433,1]],
[2441,1,[2435,1]],
[2441,2,[6,2438,1]],
[2447,1,[2442,1]],
[2447,2,[5,2446,1]],
[2459,1,[2457,1]],
[2459,2,[2,2455,1]],
[2467,1,[2465,1]],
[2467,2,[2,2466,1]],
[2473,1,[2468,1]],
[2473,2,[5,2472,1]],
[2477,1,[2475,1]],
[2477,2,[2,2476,1]],
[2503,1,[2500,1]],
[2503,2,[3,2502,1]],
[2521,1,[2504,1]],
[2521,2,[17,2520,1]],
[2531,1,[2529,1]],
[2531,2,[2,2527,1]],
[2539,1,[2537,1]],
[2539,2,[2,2538,1]],
[2543,1,[2538,1]],
[2543,2,[5,2541,1]],
[2549,1,[2547,1]],
[2549,2,[2,2545,1]],
[2551,1,[2545,1]],
[2551,2,[6,2549,1]],
[2557,1,[2555,1]],
[2557,2,[2,2553,1]],
[2579,1,[2577,1]],
[2579,2,[2,2560,1]],
[2591,1,[2584,1]],
[2591,2,[7,2589,1]],
[2593,1,[2586,1]],
[2593,2,[7,2586,1]],
[2609,1,[2606,1]],
[2609,2,[3,2603,1]],
[2617,1,[2612,1]],
[2617,2,[5,2614,1]],
[2621,1,[2619,1]],
[2621,2,[2,2620,1]],
[2633,1,[2630,1]],
[2633,2,[3,2627,1]],
[2647,1,[2644,1]],
[2647,2,[3,2646,1]],
[2657,1,[2654,1]],
[2657,2,[3,2652,1]],
[2659,1,[2657,1]],
[2659,2,[2,2658,1]],
[2663,1,[2658,1]],
[2663,2,[5,2655,1]],
[2671,1,[2664,1]],
[2671,2,[7,2662,1]],
[2677,1,[2675,1]],
[2677,2,[2,2676,1]],
[2683,1,[2681,1]],
[2683,2,[2,2679,1]],
[2687,1,[2682,1]],
[2687,2,[5,2686,1]],
[2689,1,[2670,1]],
[2689,2,[19,2684,1]],
[2699,1,[2697,1]],
[2699,2,[2,2693,1]],
[2707,1,[2705,1]],
[2707,2,[2,2706,1]],
[2711,1,[2704,1]],
[2711,2,[7,2710,1]],
[2713,1,[2708,1]],
[2713,2,[5,2712,1]],
[2719,1,[2716,1]],
[2719,2,[3,2718,1]],
[2729,1,[2726,1]],
[2729,2,[3,2723,1]],
[2731,1,[2728,1]],
[2731,2,[3,2722,1]],
[2741,1,[2739,1]],
[2741,2,[2,2737,1]],
[2749,1,[2743,1]],
[2749,2,[6,2741,1]],
[2753,1,[2750,1]],
[2753,2,[3,2747,1]],
[2767,1,[2764,1]],
[2767,2,[3,2766,1]],
[2777,1,[2774,1]],
[2777,2,[3,2772,1]],
[2789,1,[2787,1]],
[2789,2,[2,2783,1]],
[2791,1,[2785,1]],
[2791,2,[6,2789,1]],
[2797,1,[2795,1]],
[2797,2,[2,2793,1]],
[2803,1,[2801,1]],
[2803,2,[2,2802,1]],
[2819,1,[2817,1]],
[2819,2,[2,2814,1]],
[2833,1,[2828,1]],
[2833,2,[5,2830,1]],
[2843,1,[2841,1]],
[2843,2,[2,2839,1]],
[2851,1,[2849,1]],
[2851,2,[2,2847,1]],
[2857,1,[2846,1]],
[2857,2,[11,2856,1]],
[2861,1,[2859,1]],
[2861,2,[2,2857,1]],
[2879,1,[2872,1]],
[2879,2,[7,2878,1]],
[2887,1,[2882,1]],
[2887,2,[5,2885,1]],
[2897,1,[2894,1]],
[2897,2,[3,2891,1]],
[2903,1,[2898,1]],
[2903,2,[5,2902,1]],
[2909,1,[2907,1]],
[2909,2,[2,2900,1]],
[2917,1,[2912,1]],
[2917,2,[5,2916,1]],
[2927,1,[2922,1]],
[2927,2,[5,2925,1]],
[2939,1,[2937,1]],
[2939,2,[2,2938,1]],
[2953,1,[2940,1]],
[2953,2,[13,2952,1]],
[2957,1,[2955,1]],
[2957,2,[2,2956,1]],
[2963,1,[2961,1]],
[2963,2,[2,2959,1]],
[2969,1,[2966,1]],
[2969,2,[3,2968,1]],
[2971,1,[2961,1]],
[2971,2,[10,2970,1]],
[2999,1,[2982,1]],
[2999,2,[17,2995,1]],
[3001,1,[2987,1]],
[3001,2,[14,2999,1]],
[3011,1,[3009,1]],
[3011,2,[2,3007,1]],
[3019,1,[3017,1]],
[3019,2,[2,3015,1]],
[3037,1,[3035,1]],
[3037,2,[2,3036,1]],
[3041,1,[3038,1]],
[3041,2,[3,3030,1]],
[3049,1,[3038,1]],
[3049,2,[11,3048,1]],
[3061,1,[3055,1]],
[3061,2,[6,3057,1]],
[3067,1,[3065,1]],
[3067,2,[2,3063,1]],
[3079,1,[3073,1]],
[3079,2,[6,3078,1]],
[3083,1,[3081,1]],
[3083,2,[2,3079,1]],
[3089,1,[3086,1]],
[3089,2,[3,3082,1]],
[3109,1,[3103,1]],
[3109,2,[6,3105,1]],
[3119,1,[3112,1]],
[3119,2,[7,3118,1]],
[3121,1,[3114,1]],
[3121,2,[7,3114,1]],
[3137,1,[3134,1]],
[3137,2,[3,3131,1]],
[3163,1,[3160,1]],
[3163,2,[3,3162,1]],
[3169,1,[3162,1]],
[3169,2,[7,3162,1]],
[3181,1,[3174,1]],
[3181,2,[7,3179,1]],
[3187,1,[3185,1]],
[3187,2,[2,3183,1]],
[3191,1,[3180,1]],
[3191,2,[11,3189,1]],
[3203,1,[3201,1]],
[3203,2,[2,3199,1]],
[3209,1,[3206,1]],
[3209,2,[3,3204,1]],
[3221,1,[3211,1]],
[3221,2,[10,3211,1]],
[3229,1,[3223,1]],
[3229,2,[6,3221,1]],
[3251,1,[3245,1]],
[3251,2,[6,3249,1]],
[3253,1,[3251,1]],
[3253,2,[2,3252,1]],
[3257,1,[3254,1]],
[3257,2,[3,3252,1]],
[3259,1,[3256,1]],
[3259,2,[3,3248,1]],
[3271,1,[3268,1]],
[3271,2,[3,3269,1]],
[3299,1,[3297,1]],
[3299,2,[2,3293,1]],
[3301,1,[3295,1]],
[3301,2,[6,3297,1]],
[3307,1,[3305,1]],
[3307,2,[2,3306,1]],
[3313,1,[3303,1]],
[3313,2,[10,3312,1]],
[3319,1,[3313,1]],
[3319,2,[6,3317,1]],
[3323,1,[3321,1]],
[3323,2,[2,3319,1]],
[3329,1,[3326,1]],
[3329,2,[3,3328,1]],
[3331,1,[3328,1]],
[3331,2,[3,3322,1]],
[3343,1,[3338,1]],
[3343,2,[5,3342,1]],
[3347,1,[3345,1]],
[3347,2,[2,3343,1]],
[3359,1,[3348,1]],
[3359,2,[11,3357,1]],
[3361,1,[3339,1]],
[3361,2,[22,3360,1]],
[3371,1,[3369,1]],
[3371,2,[2,3366,1]],
[3373,1,[3368,1]],
[3373,2,[5,3372,1]],
[3389,1,[3386,1]],
[3389,2,[3,3387,1]],
[3391,1,[3388,1]],
[3391,2,[3,3389,1]],
[3407,1,[3402,1]],
[3407,2,[5,3405,1]],
[3413,1,[3411,1]],
[3413,2,[2,3405,1]],
[3433,1,[3428,1]],
[3433,2,[5,3432,1]],
[3449,1,[3446,1]],
[3449,2,[3,3448,1]],
[3457,1,[3450,1]],
[3457,2,[7,3454,1]],
[3461,1,[3459,1]],
[3461,2,[2,3460,1]],
[3463,1,[3460,1]],
[3463,2,[3,3461,1]],
[3467,1,[3465,1]],
[3467,2,[2,3455,1]],
[3469,1,[3467,1]],
[3469,2,[2,3465,1]],
[3491,1,[3489,1]],
[3491,2,[2,3490,1]],
[3499,1,[3497,1]],
[3499,2,[2,3498,1]],

